270
563
659
659
659
687
876
1221
1251
1257
1280
1308
1387
1388
1715
1715
1718
1964
2012
2113
2196
2348
2383
2397
2466
2559
2566
2723
2732
2777
2896
2959
2991
3161
3355
3430
3680
3683
3811
3835
3849
3961
4057
4121
4159
4161
4297
4329
4492
4492
4551
4551
4877
4883
4958
5223
5291
5794
5799
5814
5872
5921
5977
5992
5992
6041
6051
6234
6301
6346
6362
6499
6512
6544
6544
6588
6588
6599
6604
6646
6663
6691
6716
6716
6861
6861
6999
7069
7184
7305
7446
7450
7525
7662
7677
7680
7680
7775
7775
7820
7851
7851
7851
7858
7916
8031
8046
8046
8046
8046
8121
8132
8266
8266
8404
8523
8523
8674
8679
8679
8707
8877
8877
8877
8877
8887
8887
8932
8998
9048
9082
9117
9135
9178
9178
9178
9180
9221
9253
9309
9415
9437
9439
9462
9567
9567
9696
9754
10045
10153
10164
10517
10535
10579
10604
10625
10625
10635
10669
10669
10828
10833
10837
10874
10900
10914
10914
10965
11000
11000
11035
11058
11118
11126
11132
11140
11142
11177
11198
11247
11313
11333
11353
11366
11366
11392
11397
11400
11471
11475
11483
11483
11489
11514
11643
11643
11669
11669
11734
11748
11757
11811
11836
11860
11911
11979
12042
12073
12125
12145
12145
12173
12182
12182
12182
12182
12211
12211
12224
12227
12227
12263
12268
12268
12297
12299
12299
12299
12300
12312
12312
12315
12351
12353
12354
12364
12373
12375
12406
12451
12460
12478
12511
12511
12529
12540
12597
12649
12664
12672
12684
12707
12707
12723
12733
12776
12788
12806
12815
12832
12861
12866
12896
12897
12936
12943
12978
13004
13007
13007
13007
13066
13072
13148
13160
13185
13190
13190
13212
13224
13226
13272
13275
13319
13331
13346
13365
13377
13406
13406
13410
13410
13412
13415
13416
13445
13481
13481
13482
13485
13485
13490
13509
13550
13579
13613
13620
13633
13702
13706
13752
13765
13793
13823
13830
13890
13890
13927
13969
14006
14076
14076
14078
14088
14088
14088
14088
14107
14112
14115
14121
14137
14163
14210
14213
14213
14213
14213
14260
14262
14316
14320
14329
14349
14351
14366
14395
14404
14404
14421
14435
14438
14470
14475
14484
14516
14516
14538
14542
14543
14556
14573
14580
14586
14591
14608
14619
14657
14707
14721
14728
14766
14794
14804
14804
14806
14810
14829
14885
14885
14907
14910
14942
14995
14995
15000
15021
15047
15073
15081
15081
15084
15084
15098
15116
15120
15123
15132
15134
15189
15229
15233
15246
15292
15298
15356
15392
15433
15461
15479
15479
15492
15562
15562
15599
15621
15625
15639
15642
15663
15672
15700
15700
15700
15702
15707
15710
15717
15717
15717
15717
15717
15717
15719
15746
15746
15773
15773
15777
15777
15781
15822
15847
15848
15850
15867
15895
15917
15920
15948
15959
15959
15959
15967
15971
15988
15989
15989
16042
16054
16067
16086
16138
16142
16167
16169
16186
16186
16192
16201
16244
16253
16253
16254
16260
16283
16283
16283
16330
16330
16337
16338
16338
16381
16400
16406
16469
16500
16500
16525
16539
16550
16564
16592
16611
16611
16611
16615
16672
16680
16694
16915
17128
17137
17137
17177
17284
17312
17312
17422
17456
17485
17485
17492
17516
17532
17870
17920
17931
17935
17961
17961
17972
18305
18342
18342
18700
20007
20036
20038
20102
20252
20255
20262
20279
20280
20280
20280
20310
20353
20353
20431
20455
20466
20496
20533
20595
20742
20783
20814
20925
20947
21025
21025
21046
21209
21266
21266
21266
21340
21393
21393
21514
21537
21569
21569
21666
21674
21674
21690
21713
21745
21755
21777
21777
21878
21882
22084
22084
25915
26082
26110
26316
26316
27553
27575
27638
27706
28332
28862
29000
29018
29018
29031
29108
29476
29477
29493
29493
29719
29723
29747
29795
29795
29918
29936
29957
29995
29995
30052
30052
30250
30367
30391
30419
30466
30485
30502
30514
30519
30749
30749
30833
30853
30906
30945
30945
30947
30948
30953
30961
30961
31189
31381
31381
31571
31587
31611
31616
31625
31643
31650
31658
31658
31658
31662
31662
31665
31711
31756
31763
31772
31772
31799
31799
31815
31831
31842
31842
31842
31848
31898
31898
31905
31910
31978
31978
31978
31987
32008
32008
32008
32031
32086
32094
32094
32113
32115
32115
32115
32116
32119
32144
32144
32177
32177
32189
34680
34707
34720
34730
34738
34750
34750
34750
34765
34777
34777
34781
34781
34796
34986
34986
35003
35027
35027
35027
35184
35226
35227
36558
37163
37496
37510
37533
37666
37673
37735
37925
37966
38440
38440
38440
38469
39131
39166
39168
39179
40997
41701
42272
42914
43164
43164
43329
43329
44393
44686
44686
44693
44915
45284
45685
45991
46105
46152
46152
46423
46423
46696
47221
47222
47431
47431
47448
47860
48778
48778
48778
50008
50019
50318
50701
50701
51425
51562
51817
52279
52705
52819
52862
52862
53028
53068
53206
53380
53476
53647
53676
53718
54009
54153
54329
54375
54490
54826
54916
55241
