93323
93015
92791
92765
92687
92442
92376
92313
92257
92217
92021
91830
91679
91675
91663
91639
91636
91578
91396
91380
91262
91234
91117
91045
91033
90978
90920
90910
90909
90908
90889
90877
90876
90740
90733
90721
90714
90638
90613
90554
90536
90468
90452
90374
90210
90071
90055
89939
89932
89930
89894
89849
89450
89410
89354
89333
89326
89289
89177
89028
88911
88809
88651
88636
88634
88588
88574
88543
88477
88430
88366
88358
88354
88308
88287
88270
88246
88232
88169
87800
87777
87635
87623
87618
87616
87598
87597
87559
87516
87498
87486
87480
87465
87409
87407
87402
87357
87322
87283
87281
87257
87241
87187
87156
87140
87139
87131
87107
87082
87041
87009
86998
86983
86961
86927
86926
86922
86890
86847
86801
86743
86727
86721
86602
86587
86569
86519
86514
86496
86441
86380
86360
86331
86323
86320
86283
86281
86252
86200
86187
86185
86180
86158
86133
86120
86118
86102
86070
86025
86018
86010
85997
85971
85959
85955
85944
85931
85903
85893
85847
85840
85838
85822
85819
85814
85740
85729
85716
85676
85675
85661
85648
85603
85579
85559
85544
85524
85495
85479
85475
85450
85436
85432
85431
85429
85409
85396
85393
85389
85385
85380
85371
85344
85343
85309
85306
85291
85287
85277
85273
85239
85210
85193
85159
85071
84836
84815
84796
84785
84779
84721
84600
84573
84571
84429
84406
84402
84396
84391
84382
84377
84371
84361
84342
84317
84291
84259
84250
84248
84247
84220
84219
84208
84169
84142
84132
84121
84107
84106
84075
84069
84046
84036
84027
84025
84018
83963
83908
83860
83857
83823
83789
83780
83766
83761
83737
83694
83681
83674
83657
83602
83598
83594
83583
83581
83570
83526
83524
83510
83480
83479
83459
83439
83433
83429
83423
83417
83403
83374
83367
83354
83347
83333
83314
83304
83283
83274
83271
83241
83232
83180
83175
83164
83161
83150
82862
82838
82832
82807
82795
82773
82703
82699
82696
82668
82663
82661
82632
82597
82584
82568
82566
82558
82548
82524
82510
82502
82472
82326
82295
82286
82267
82242
82236
82235
82202
82157
81760
81720
81715
81685
81679
81671
81631
81628
81595
81505
81492
81475
81293
81279
81264
81229
81212
81177
81161
81146
81136
81135
81131
81119
81110
81109
81099
81097
81086
81060
81056
81047
81029
81028
81021
81005
80972
80950
80949
80913
80846
80804
80786
80778
80773
80761
80756
80752
80703
80701
80679
80650
80649
80612
80556
80549
80444
80443
80439
80425
80404
80353
80333
80330
80311
80289
80264
80245
80226
80192
80159
80147
80135
80030
80009
80003
79957
79956
79945
79942
79925
79900
79882
79876
79833
79779
79725
79712
79706
79669
79621
79619
79545
79533
79517
79515
79494
79488
79466
79437
79428
79422
79415
79409
79408
79375
79374
79310
79305
79301
79296
79292
79179
79163
79119
79074
79042
78992
78956
78948
78920
78850
78848
78838
78796
78789
78468
78220
78180
78139
78082
78031
78001
77987
77978
77881
77851
77850
77799
77719
77608
77596
77555
77554
77550
77546
77539
77532
77523
77409
77405
77398
77361
77347
77328
77284
77207
77173
77108
77061
77045
77038
77028
76982
76880
76879
76852
76844
76799
76787
76739
76717
76693
76673
76670
76651
76634
76623
76596
76565
76552
76475
76448
76391
76234
76219
76217
76200
76195
76171
76099
75602
75524
75519
75493
75490
75488
75428
75375
75369
75359
75328
75288
75195
75189
75179
75101
74975
74895
74070
73614
73083
72514
72486
71685
71538
70949
70790
70383
69682
69489
69200
68945
68938
68401
68006
67715
67432
66967
66799
66413
65832
65533
65509
65306
65234
65226
65154
65015
64531
64291
63749
63597
63554
61672
61620
61138
61137
60003
59301
58077
57963
57648
57067
56630
56363
55781
55191
55108
55036
54827
54818
54543
54471
53575
53399
52581
52484
51932
51693
50287
50032
49729
49584
48637
47969
47183
46747
46739
45137
45103
43407
43327
43167
42219
42104
41444
41428
41420
40361
40213
40097
39670
39328
38893
38578
35781
34818
32599
32205
32096
31318
29744
28522
28207
28178
25348
20571
19992
19589
18455
17671
16193
15315
15045
14723
14603
14597
14286
14062
13875
13791
13535
13294
13250
12877
12682
12576
12515
12424
12395
12253
12249
12058
12026
11983
11974
11858
11764
11641
11617
11614
11591
11510
11478
11416
11378
11331
11329
11281
11267
11231
11198
11139
11062
11014
11005
10821
10784
10777
10623
10484
10343
10195
10194
10178
10123
10105
10087